0
0
0
0.131373073
0.03263884
0
0
0.020799848
0.002534892
0
0.027251605
0.077928963
0.07945793
0.200475411
0.32293338
0.072821246
0
0
0.022194609
0.015619609
0
0.055702125
0.118680896
0.02052896
0.063871561
0
0
0.012738019
0
0
0.079664064
0.04836653
0
0.103844696
0
0
0
0.02774064
0.044059663
0.011500541
0.111438573
0
0.022282275
0.057826025
0.070536856
0.08814287
0.060207984
0.007906654
0
0.078068439
0
0.027475466
0.061607963
0.198148932
0.088947259
0.081760901
0
0
0
0
0.066053832
0.045853781
0.148409608
0.000645917
0
0.111860407
0
0
0
0
0.182850513
0.028711578
0.083566217
0.060518841
0
0.027559465
0
0.005220977
0.058984926
0
0
0.051616055
0
0.053999615
0
0.025723382
0.000104311
0
0.10922734
0.019597943
0
0.170902846
0
0.100017483
0.185343306
0
0
0.081687091
0
0.007456021
0
0
0.020262525
0
